image: 317_car.pgm
resolution: 0.100000
origin: [-96.885338, -31.029081, 0.000000]
negate: 0
occupied_thresh: 0.65
free_thresh: 0.196

